firmware_Qfactor=8192.0
Amp_Constant=3.28512
Material_Constant=0.00357
